1
15
13
16
21
18
18
19
21
22
15
22
20
23
28
18
21
14
23
19
20
21
24
18
18
23
19
14
22
21
18
22
28
23
23
21
21
22
21
25
25
23
21
22
25
19
27
15
21
20
21
20
24
26
25
24
21
20
22
25
24
22
22
27
22
28
23
21
23
23
27
23
20
31
25
22
27
24
22
24
26
26
28
25
23
29
21
19
26
26
26
20
29
27
26
23
21
24
25
23
29
23
24
21
23
26
19
26
23
25
21
30
27
21
24
22
24
29
28
23
29
30
22
25
25
31
23
24
29
22
24
27
22
19
18
23
26
27
24
27
19
26
24
18
23
27
28
24
25
33
26
25
24
20
21
27
28
28
28
23
25
25
25
22
23
28
24
30
27
21
22
27
27
27
27
24
29
24
22
20
24
24
24
24
26
21
25
26
25
24
19
25
33
31
19
21
23
30
22
23
29
21
24
25
33
27
26
28
30
24
29
24
25
23
25
26
19
29
31
24
21
28
33
23
30
24
31
25
24
29
25
28
31
26
23
27
27
25
25
28
27
26
22
25
24
33
20
26
23
25
22
27
25
22
26
25
25
27
28
23
23
22
25
22
28
29
22
25
28
30
25
24
26
25
24
28
30
23
26
25
24
25
28
28
30
28
29
29
26
27
23
28
27
24
24
25
32
31
24
24
26
28
26
26
25
27
28
29
24
27
21
26
24
29
30
22
28
28
29
26
25
28
31
33
26
27
20
29
30
29
26
25
29
25
28
27
31
25
24
29
25
26
24
26
25
20
26
31
27
26
23
21
29
28
30
27
25
24
29
27
25
20
26
29
27
24
30
22
27
27
27
27
31
28
27
28
23
33
29
23
18
28
30
30
30
32
24
25
24
27
28
26
34
33
33
29
26
31
28
27
28
25
22
28
33
29
28
24
27
29
28
29
23
34
25
29
29
30
31
25
25
27
29
25
22
28
24
27
25
30
28
28
25
30
28
28
28
25
27
26
23
30
29
29
30
27
30
32
32
31
27
28
24
28
27
24
28
29
26
28
28
27
21
28
30
24
27
26
27
27
28
34
39
26
27
26
24
20
31
21
21
27
25
31
30
30
26
29
31
27
30
31
33
24
26
28
30
26
27
30
24
31
27
31
30
23
27
25
23
25
31
29
27
26
33
29
22
24
28
23
30
28
28
31
23
27
24
23
25
25
31
28
24
27
25
31
28
30
29
33
26
27
26
28
26
32
25
25
26
22
27
28
28
26
28
25
29
27
28
26
26
29
28
30
31
27
30
29
31
30
28
28
29
22
27
25
28
28
29
31
28
28
27
30
27
32
25
27
28
33
31
25
26
29
30
24
28
33
34
27
27
23
27
28
30
25
31
30
28
27
28
23
30
25
30
23
32
27
28
25
29
29
20
26
23
22
26
23
26
26
26
27
26
30
28
26
26
30
27
30
23
25
25
30
30
26
31
27
25
26
34
28
24
27
29
24
23
28
32
23
26
23
32
30
31
30
31
27
28
28
24
26
24
27
26
25
29
31
23
26
28
25
28
30
32
29
34
29
25
26
23
28
21
27
29
28
29
24
28
31
27
33
29
28
35
28
28
25
27
24
25
32
25
24
32
27
27
26
32
31
26
32
30
27
26
35
30
26
25
27
28
27
27
30
23
28
23
27
34
23
32
31
27
32
28
30
31
34
31
24
29
32
28
25
23
26
26
24
30
27
34
28
29
30
30
23
33
25
32
25
30
29
33
31
26
23
27
34
32
33
25
30
30
30
30
27
30
28
27
28
28
30
29
28
31
28
30
31
26
30
28
32
33
28
26
31
28
33
27
28
29
30
25
30
31
30
28
30
28
28
30
26
29
24
31
24
27
29
27
29
33
26
33
29
26
27
30
31
36
30
27
30
23
32
25
29
28
25
29
29
26
24
33
29
27
22
31
29
29
26
30
27
34
35
22
31
31
30
35
28
28
31
32
29
34
30
26
22
28
30
28
29
29
28
28
22
32
30
30
26
28
24
29
27
27
32
30
27
27
26
25
31
23
29
30
30
25
28
23
26
33
26
24
22
28
28
29
31
29
29
28
29
29
28
29
30
30
24
32
26
25
31
26
27
28
28
28
31
30
30
30
32
29
26
31
26
29
24
23
26
24
29
28
26
27
28
32
24
30
30
35
28
32
31
33
25
29
26
32
29
34
31
26
29
27
23
27
27
28
27
29
25
26
28
21
21
32
32
35
28
29
26
33
26
23
27
31
26
24
30
