1
2
3
4
5
3
4
6
6
5
7
4
5
6
6
7
8
2
8
8
7
8
7
8
7
3
4
5
9
10
6
7
8
9
9
10
6
10
9
10
5
10
5
9
8
9
10
8
11
9
12
7
3
10
10
11
9
4
7
11
5
7
9
12
9
11
8
11
6
10
7
11
8
6
12
8
12
13
12
7
10
11
6
11
9
10
8
7
5
7
10
12
7
6
11
11
12
11
13
11
12
10
12
10
13
13
10
12
10
9
12
9
9
8
14
11
11
8
9
9
7
11
8
5
7
14
6
11
10
9
11
12
13
9
11
13
10
11
14
13
9
8
8
10
12
12
11
12
13
13
11
13
10
11
11
11
12
8
6
8
5
10
12
12
11
12
8
14
9
6
11
8
15
9
11
10
10
13
7
6
12
12
11
16
7
13
12
4
9
11
9
15
13
14
15
11
14
13
7
12
8
14
13
7
16
15
12
14
12
12
15
12
11
8
11
9
15
12
13
13
9
16
10
10
11
10
6
8
10
13
12
12
16
13
16
17
13
12
13
12
13
14
6
17
13
11
17
15
11
17
8
13
12
12
14
14
10
8
18
13
9
8
13
16
11
14
11
15
13
12
15
7
10
10
10
4
5
12
6
13
15
18
13
14
10
13
13
12
12
7
11
12
9
16
13
13
13
14
12
15
6
6
14
12
17
16
13
14
10
11
16
17
15
15
5
13
13
13
14
15
11
15
18
19
16
13
13
11
13
10
9
14
7
11
14
12
16
17
17
15
6
12
15
18
14
10
14
8
14
18
15
12
13
18
14
9
19
10
14
8
9
12
14
19
13
13
7
11
16
12
14
11
13
16
10
17
13
17
16
14
12
16
11
12
9
9
15
14
15
12
15
14
9
11
12
9
7
15
14
14
15
8
16
12
15
13
12
9
19
10
9
13
15
10
11
15
13
8
18
17
14
12
12
11
13
13
7
13
15
11
14
12
11
14
14
13
12
7
12
13
16
7
11
16
8
9
15
13
15
11
15
12
17
13
8
14
8
9
16
13
17
16
10
12
12
13
10
8
14
14
4
13
9
12
17
14
9
9
9
17
12
14
15
14
10
13
14
14
16
9
15
18
10
10
14
14
16
13
19
8
11
11
8
10
11
15
8
14
16
17
16
16
13
5
14
11
17
18
18
13
14
16
16
10
17
14
13
9
16
18
13
12
11
15
17
10
18
12
10
10
10
11
7
13
11
11
19
20
20
13
17
17
18
17
16
14
15
18
9
14
14
13
17
20
14
15
9
13
19
6
17
9
14
11
17
15
12
9
16
12
12
13
20
15
13
11
12
16
11
16
12
14
13
13
6
15
13
18
14
7
8
19
10
13
16
17
16
18
18
21
17
14
7
16
13
17
20
7
13
9
18
16
15
18
9
7
15
13
16
13
11
13
11
7
12
19
16
15
12
13
17
16
12
16
12
9
10
8
12
16
12
12
13
16
13
15
9
15
9
9
15
13
7
17
12
14
18
12
17
18
14
14
15
15
14
15
15
16
11
21
15
10
10
16
12
11
16
14
18
14
12
14
16
12
13
18
14
11
16
13
14
18
17
18
12
9
17
17
15
14
15
13
16
11
12
15
17
10
16
16
8
22
19
14
11
8
14
18
19
20
9
18
12
13
18
15
17
10
14
10
7
13
19
14
14
18
20
15
14
15
19
11
10
13
16
19
13
17
18
17
15
16
5
15
12
17
14
12
15
14
18
15
7
16
13
16
17
9
14
12
18
20
14
13
14
17
16
9
16
17
14
19
14
15
15
16
17
17
11
13
12
8
21
15
14
19
17
14
12
12
11
13
20
8
18
12
13
14
9
8
15
10
20
18
17
18
15
13
13
13
11
8
18
14
17
16
16
16
13
8
19
15
16
14
21
7
8
13
15
16
18
8
14
11
11
17
9
18
8
13
15
14
13
10
17
11
12
17
14
11
8
16
11
20
8
14
17
16
14
16
14
19
6
8
16
18
16
13
15
14
14
15
14
15
14
14
15
14
19
19
14
7
14
17
15
12
12
21
20
10
18
19
19
14
15
10
15
14
15
17
10
13
18
14
14
19
19
22
13
12
11
16
18
14
10
22
20
16
17
19
14
14
10
9
16
18
14
11
17
21
15
17
19
15
15
8
9
15
13
9
11
11
10
10
12
18
11
19
18
12
17
10
15
11
21
16
10
14
15
16
18
10
15
13
13
12
15
15
11
16
16
15
16
23
15
14
14
17
19
17